
# Imports PIL module
from PIL import Image

# open method used to open different extension image file
im = Image.open(r"D:\STUDY MATERIAL\Python programs\download.jpg")

im.split()

#rotate image according to angle given
img = im.rotate(180) 

img.paste(im, (50, 50))

# this method gives us pixel count
print(im.histogram())
img.save("D:\STUDY MATERIAL\Python programs\img1.jpg")

# This method will show image in any image viewer
img.show()


********************* OUTPUT **************************

[850, 373, 307, 305, 260, 193, 153, 99, 110, 102, 107, 92, 103, 73, 76, 82, 83, 97, 75, 85, 83, 78, 86, 77, 77, 86, 69, 76, 89, 100, 95, 79, 86, 71, 70, 76, 92, 88, 89, 70, 93, 85, 84, 98, 92, 88, 83, 88, 107, 101, 87, 93, 101, 91, 76, 95, 88, 90, 98, 98, 73, 118, 104, 102, 100, 82, 92, 97, 101, 93, 101, 94, 105, 90, 95, 127, 104, 88, 112, 103, 103, 115, 105, 113, 120, 106, 117, 100, 90, 108, 119, 102, 88, 98, 110, 92, 104, 86, 116, 112, 99, 96, 94, 106, 104, 112, 100, 125, 105, 88, 125, 117, 107, 110, 96, 96, 111, 114, 100, 101, 106, 110, 94, 106, 108, 102, 96, 95, 101, 88, 108, 81, 107, 87, 93, 101, 70, 84, 71, 108, 100, 104, 104, 92, 106, 99, 82, 79, 86, 65, 91, 72, 68, 68, 86, 67, 76, 81, 67, 54, 67, 49, 87, 67, 65, 63, 77, 79, 58, 79, 83, 70, 84, 81, 82, 69, 76, 76, 96, 93, 119, 127, 99, 121, 105, 112, 109, 111, 158, 169, 144, 132, 145, 130, 130, 123, 131, 142, 150, 145, 108, 137, 125, 128, 118, 116, 114, 124, 132, 132, 160, 128, 121, 142, 112, 107, 108, 110, 135, 132, 131, 134, 178, 129, 140, 163, 176, 153, 130, 120, 134, 127, 117, 114, 109, 116, 123, 125, 115, 127, 138, 132, 120, 100, 114, 117, 117, 129, 133, 137, 156, 200, 216, 179, 97, 237, 17, 10, 10, 9, 7, 12, 8, 14, 19, 19, 14, 18, 21, 29, 30, 26, 35, 37, 30, 49, 49, 50, 39, 56, 62, 63, 69, 89, 68, 94, 93, 135, 194, 185, 170, 151, 148, 159, 194, 156, 153, 132, 174, 158, 154, 160, 135, 112, 113, 124, 152, 112, 140, 112, 135, 134, 121, 124, 112, 135, 127, 132, 109, 108, 112, 137, 122, 134, 117, 121, 122, 146, 121, 118, 111, 113, 116, 115, 106, 87, 124, 125, 102, 103, 119, 114, 131, 134, 115, 133, 142, 134, 119, 139, 156, 126, 116, 146, 162, 128, 149, 169, 138, 124, 145, 122, 117, 122, 137, 130, 118, 120, 133, 132, 135, 134, 113, 124, 104, 119, 129, 111, 134, 110, 128, 119, 98, 115, 131, 119, 98, 107, 108, 123, 121, 117, 121, 142, 116, 143, 117, 121, 120, 111, 132, 119, 115, 129, 135, 101, 148, 119, 98, 93, 130, 117, 99, 100, 123, 106, 78, 92, 89, 75, 99, 96, 91, 103, 105, 94, 101, 101, 113, 120, 122, 140, 136, 136, 175, 193, 172, 147, 179, 177, 165, 190, 145, 145, 172, 154, 157, 155, 144, 131, 129, 144, 126, 133, 157, 129, 158, 152, 165, 179, 229, 162, 182, 179, 154, 160, 156, 199, 186, 203, 190, 187, 159, 158, 168, 136, 156, 133, 154, 124, 137, 149, 171, 156, 116, 98, 78, 92, 101, 67, 44, 61, 51, 29, 22, 20, 16, 12, 10, 13, 8, 7, 7, 7, 4, 3, 3, 2, 6, 3, 4, 11, 905, 112, 94, 72, 119, 106, 124, 123, 138, 147, 136, 151, 175, 187, 194, 201, 275, 255, 304, 399, 387, 406, 518, 505, 556, 543, 606, 613, 629, 595, 625, 611, 549, 585, 542, 492, 483, 478, 434, 416, 372, 392, 359, 349, 347, 331, 284, 303, 322, 320, 306, 304, 279, 300, 281, 282, 282, 265, 285, 247, 211, 240, 231, 199, 229, 246, 211, 188, 202, 185, 150, 151, 170, 151, 147, 143, 129, 132, 118, 153, 123, 114, 98, 76, 81, 80, 81, 87, 97, 77, 79, 92, 70, 61, 88, 92, 86, 78, 91, 94, 82, 62, 77, 63, 63, 69, 51, 71, 68, 55, 60, 56, 55, 50, 51, 38, 46, 28, 24, 31, 26, 22, 13, 20, 13, 14, 13, 8, 16, 13, 6, 9, 6, 8, 9, 8, 9, 7, 10, 10, 12, 15, 7, 4, 9, 4, 6, 8, 5, 8, 4, 7, 8, 10, 6, 10, 7, 5, 8, 11, 9, 6, 7, 11, 3, 10, 7, 6, 12, 6, 7, 14, 10, 9, 7, 10, 9, 7, 6, 8, 10, 6, 15, 15, 9, 10, 7, 6, 10, 5, 9, 11, 7, 7, 7, 8, 4, 14, 11, 4, 13, 8, 4, 11, 7, 8, 15, 9, 5, 11, 12, 8, 7, 6, 12, 5, 10, 13, 8, 7, 9, 7, 6, 9, 8, 11, 4, 4, 6, 2, 4, 2, 3, 0, 4, 0, 2, 0, 1, 1, 0, 0, 0, 1, 0, 0, 0, 0, 0, 0, 0, 0, 0, 0, 0, 0]

